0
0.0031882
0.0039852
0.0047823
0.0055793
0.0063764
0.0071734
0.0079705
0.0087675
0.0095646
0.010362
0.011159
0.011956
0.012753
0.01355
0.014347
0.015144
0.015941
0.016738
0.017535
0.018332
0.019129
0.019926
0.020723
0.02152
0.022317
0.023114
0.023911
0.024708
0.025506
0.026303
0.0271
0.027897
0.028694
0.029491
0.030288
0.031085
0.031882
0.032679
0.033476
0.034273
0.03507
0.035867
0.036664
0.037461
0.038258
0.039055
0.039852
0.040649
0.041446
0.042244
0.043041
0.043838
0.044635
0.045432
0.046229
0.047026
0.047823
0.04862
0.049417
0.050214
0.051011
0.051808
0.052605
0.053402
0.054199
0.054996
0.055793
0.05659
0.057387
0.058185
0.058982
0.059779
0.060576
0.061373
0.06217
0.062967
0.063764
0.064561
0.065358
0.066155
0.066952
0.067749
0.068546
0.069343
0.07014
0.070937
0.071734
0.072531
0.073328
0.074125
0.074923
0.07572
0.076517
0.077314
0.078111
0.078908
0.079705
0.080502
0.081299
0.082096
0.082893
0.08369
0.084487
0.085284
0.086081
0.086878
0.087675
0.088472
0.089269
0.090066
0.090863
0.091661
0.092458
0.093255
0.094052
0.094849
0.095646
0.096443
0.09724
0.098037
0.098834
0.099631
0.10043
0.10123
0.10202
0.10282
0.10362
0.10441
0.10521
0.10601
0.1068
0.1076
0.1084
0.1092
0.10999
0.11079
0.11159
0.11238
0.11318
0.11398
0.11477
0.11557
0.11637
0.11717
0.11796
0.11876
0.11956
0.12035
0.12115
0.12195
0.12275
0.12354
0.12434
0.12514
0.12593
0.12673
0.12753
0.12832
0.12912
0.12992
0.13072
0.13151
0.13231
0.13311
0.1339
0.1347
0.1355
0.1363
0.13709
0.13789
0.13869
0.13948
0.14028
0.14108
0.14187
0.14267
0.14347
0.14427
0.14506
0.14586
0.14666
0.14745
0.14825
0.14905
0.14985
0.15064
0.15144
0.15224
0.15303
0.15383
0.15463
0.15542
0.15622
0.15702
0.15782
0.15861
0.15941
0.16021
0.161
0.1618
0.1626
0.16339
0.16419
0.16499
0.16579
0.16658
0.16738
0.16818
0.16897
0.16977
0.17057
0.17137
0.17216
0.17296
0.17376
0.17455
0.17535
0.17615
0.17694
0.17774
0.17854
0.17934
0.18013
0.18093
0.18173
0.18252
0.18332
0.18412
0.18492
0.18571
0.18651
0.18731
0.1881
0.1889
0.1897
0.19049
0.19129
0.19209
0.19289
0.19368
0.19448
0.19528
0.19607
0.19687
0.19767
0.19846
0.19926
0.20006
0.20086
0.20165
0.20245
0.20325
0.20404
0.20484
0.20564
0.20644
0.20723
0.20803
0.20883
0.20962
0.21042
0.21122
0.21201
0.21281
0.21361
0.21441
0.2152
0.216
0.2168
0.21759
0.21839
0.21919
0.21999
0.22078
0.22158
0.22238
0.22317
0.22397
0.22477
0.22556
0.22636
0.22716
0.22796
0.22875
0.22955
0.23035
0.23114
0.23194
0.23274
0.23354
0.23433
0.23513
0.23593
0.23672
0.23752
0.23832
0.23911
0.23991
0.24071
0.24151
0.2423
0.2431
0.2439
0.24469
0.24549
0.24629
0.24708
0.24788
0.24868
0.24948
0.25027
0.25107
0.25187
0.25266
0.25346
0.25426
0.25506
0.25585
0.25665
0.25745
0.25824
0.25904
0.25984
0.26063
0.26143
0.26223
0.26303
0.26382
0.26462
0.26542
0.26621
0.26701
0.26781
0.26861
0.2694
0.2702
0.271
0.27179
0.27259
0.27339
0.27418
0.27498
0.27578
0.27658
0.27737
0.27817
0.27897
0.27976
0.28056
0.28136
0.28215
0.28295
0.28375
0.28455
0.28534
0.28614
0.28694
0.28773
0.28853
0.28933
0.29013
0.29092
0.29172
0.29252
0.29331
0.29411
0.29491
0.2957
0.2965
0.2973
0.2981
0.29889
0.29969
0.30049
0.30128
0.30208
0.30288
0.30368
0.30447
0.30527
0.30607
0.30686
0.30766
0.30846
0.30925
0.31005
0.31085
0.31165
0.31244
0.31324
0.31404
0.31483
0.31563
0.31643
0.31723
0.31802
0.31882
0.31962
0.32041
0.32121
0.32201
0.3228
0.3236
0.3244
0.3252
0.32599
0.32679
0.32759
0.32838
0.32918
0.32998
0.33077
0.33157
0.33237
0.33317
0.33396
0.33476
0.33556
0.33635
0.33715
0.33795
0.33875
0.33954
0.34034
0.34114
0.34193
0.34273
0.34353
0.34432
0.34512
0.34592
0.34672
0.34751
0.34831
0.34911
0.3499
0.3507
0.3515
0.3523
0.35309
0.35389
0.35469
0.35548
0.35628
0.35708
0.35787
0.35867
0.35947
0.36027
0.36106
0.36186
0.36266
0.36345
0.36425
0.36505
0.36585
0.36664
0.36744
0.36824
0.36903
0.36983
0.37063
0.37142
0.37222
0.37302
0.37382
0.37461
0.37541
0.37621
0.377
0.3778
0.3786
0.37939
0.38019
0.38099
0.38179
0.38258
0.38338
0.38418
0.38497
0.38577
0.38657
0.38737
0.38816
0.38896
0.38976
0.39055
0.39135
0.39215
0.39294
0.39374
0.39454
0.39534
0.39613
0.39693
0.39773
0.39852
0.39932
0.40012
0.40092
0.40171
0.40251
0.40331
0.4041
0.4049
0.4057
0.40649
0.40729
0.40809
0.40889
0.40968
0.41048
0.41128
0.41207
0.41287
0.41367
0.41446
0.41526
0.41606
0.41686
0.41765
0.41845
0.41925
0.42004
0.42084
0.42164
0.42244
0.42323
0.42403
0.42483
0.42562
0.42642
0.42722
0.42801
0.42881
0.42961
0.43041
0.4312
0.432
0.4328
0.43359
0.43439
0.43519
0.43599
0.43678
0.43758
0.43838
0.43917
0.43997
0.44077
0.44156
0.44236
0.44316
0.44396
0.44475
0.44555
0.44635
0.44714
0.44794
0.44874
0.44954
0.45033
0.45113
0.45193
0.45272
0.45352
0.45432
0.45511
0.45591
0.45671
0.45751
0.4583
0.4591
0.4599
0.46069
0.46149
0.46229
0.46308
0.46388
0.46468
0.46548
0.46627
0.46707
0.46787
0.46866
0.46946
0.47026
0.47106
0.47185
0.47265
0.47345
0.47424
0.47504
0.47584
0.47663
0.47743
0.47823
0.47903
0.47982
0.48062
0.48142
0.48221
0.48301
0.48381
0.48461
0.4854
0.4862
0.487
0.48779
0.48859
0.48939
0.49018
0.49098
0.49178
0.49258
0.49337
0.49417
0.49497
0.49576
0.49656
0.49736
0.49815
0.49895
0.49975
0.50055
0.50134
0.50214
0.50294
0.50373
0.50453
0.50533
0.50613
0.50692
0.50772
0.50852
0.50931
0.51011
0.51091
0.5117
0.5125
0.5133
0.5141
0.51489
0.51569
0.51649
0.51728
0.51808
0.51888
0.51968
0.52047
0.52127
0.52207
0.52286
0.52366
0.52446
0.52525
0.52605
0.52685
0.52765
0.52844
0.52924
0.53004
0.53083
0.53163
0.53243
0.53323
0.53402
0.53482
0.53562
0.53641
0.53721
0.53801
0.5388
0.5396
0.5404
0.5412
0.54199
0.54279
0.54359
0.54438
0.54518
0.54598
0.54677
0.54757
0.54837
0.54917
0.54996
0.55076
0.55156
0.55235
0.55315
0.55395
0.55475
0.55554
0.55634
0.55714
0.55793
0.55873
0.55953
0.56032
0.56112
0.56192
0.56272
0.56351
0.56431
0.56511
0.5659
0.5667
0.5675
0.5683
0.56909
0.56989
0.57069
0.57148
0.57228
0.57308
0.57387
0.57467
0.57547
0.57627
0.57706
0.57786
0.57866
0.57945
0.58025
0.58105
0.58185
0.58264
0.58344
0.58424
0.58503
0.58583
0.58663
0.58742
0.58822
0.58902
0.58982
0.59061
0.59141
0.59221
