-0.21817
-0.21817
-0.21817
-0.21817
-0.21821
-0.2182
-0.21819
-0.21818
-0.21818
-0.21817
-0.21807
-0.21804
-0.21813
-0.2181
-0.21818
-0.21812
-0.21816
-0.2182
-0.21816
-0.21815
-0.21816
-0.21815
-0.21811
-0.21812
-0.21815
-0.21812
-0.21815
-0.21816
-0.21818
-0.21817
-0.21819
-0.21816
-0.21814
-0.21817
-0.21812
-0.21811
-0.21814
-0.21811
-0.21814
-0.21815
-0.21819
-0.21818
-0.21817
-0.21813
-0.21817
-0.21816
-0.21812
-0.21808
-0.2181
-0.21815
-0.21814
-0.21816
-0.21819
-0.2182
-0.2182
-0.21817
-0.21819
-0.21814
-0.21812
-0.2181
-0.21814
-0.21814
-0.21819
-0.21816
-0.21815
-0.2182
-0.21819
-0.21818
-0.21818
-0.21816
-0.21813
-0.21813
-0.21813
-0.21812
-0.21816
-0.21816
-0.21818
-0.2182
-0.21819
-0.21818
-0.21817
-0.21818
-0.21817
-0.21816
-0.21814
-0.21811
-0.21813
-0.21814
-0.2182
-0.21817
-0.21819
-0.21818
-0.21818
-0.21818
-0.2182
-0.21814
-0.2181
-0.21812
-0.21814
-0.21813
-0.21817
-0.21819
-0.2182
-0.21822
-0.2182
-0.21819
-0.21814
-0.21815
-0.21811
-0.2181
-0.21812
-0.21815
-0.21815
-0.21817
-0.21816
-0.2182
-0.21819
-0.21818
-0.21813
-0.21812
-0.21812
-0.21813
-0.2181
-0.21814
-0.21814
-0.2182
-0.21816
-0.21821
-0.21819
-0.21817
-0.21818
-0.21815
-0.21812
-0.21811
-0.21812
-0.21813
-0.21816
-0.21819
-0.21817
-0.21818
-0.21818
-0.21817
-0.21817
-0.21815
-0.21815
-0.21814
-0.21815
-0.21814
-0.21815
-0.21816
-0.21816
-0.21818
-0.21821
-0.21818
-0.21816
-0.21813
-0.21812
-0.2181
-0.21814
-0.21813
-0.21814
-0.21815
-0.21816
-0.21821
-0.21819
-0.21818
-0.21816
-0.21817
-0.21815
-0.21814
-0.21812
-0.21816
-0.21816
-0.21814
-0.21816
-0.21818
-0.21819
-0.21818
-0.21814
-0.21815
-0.21812
-0.21812
-0.21815
-0.21813
-0.21814
-0.21815
-0.21817
-0.2182
-0.21819
-0.21818
-0.21818
-0.21815
-0.21817
-0.21806
-0.21813
-0.21809
-0.21814
-0.21812
-0.21816
-0.21817
-0.2182
-0.21818
-0.21821
-0.21816
-0.21816
-0.21815
-0.21815
-0.21812
-0.21817
-0.21815
-0.21816
-0.21816
-0.2182
-0.21818
-0.21817
-0.21816
-0.21814
-0.21813
-0.21814
-0.21815
-0.21815
-0.21816
-0.21816
-0.21823
-0.21821
-0.21817
-0.21816
-0.21816
-0.21818
-0.21815
-0.21814
-0.21813
-0.21816
-0.21817
-0.21817
-0.21819
-0.21819
-0.21821
-0.21821
-0.21819
-0.21816
-0.21814
-0.21816
-0.21815
-0.21816
-0.21817
-0.21817
-0.2182
-0.2182
-0.2182
-0.21819
-0.21816
-0.21817
-0.21809
-0.2181
-0.21811
-0.21813
-0.21816
-0.21816
-0.21818
-0.21819
-0.2182
-0.2182
-0.21818
-0.21817
-0.21813
-0.21814
-0.21808
-0.2182
-0.21819
-0.21818
-0.21816
-0.21819
-0.21818
-0.21819
-0.2182
-0.21816
-0.21814
-0.21815
-0.21809
-0.21814
-0.21816
-0.21818
-0.2182
-0.21819
-0.21818
-0.21817
-0.21815
-0.21816
-0.21817
-0.21817
-0.21818
-0.21812
-0.21812
-0.21817
-0.21817
-0.21816
-0.21817
-0.21814
-0.21813
-0.21813
-0.21814
-0.21813
-0.21812
-0.21812
-0.21812
-0.21813
-0.21816
-0.21817
-0.21817
-0.21818
-0.21817
-0.21817
-0.21815
-0.21815
-0.21818
-0.21814
-0.21814
-0.21814
-0.21816
-0.2182
-0.21817
-0.2182
-0.21819
-0.21819
-0.21819
-0.21816
-0.2182
-0.21813
-0.21813
-0.21814
-0.21816
-0.21817
-0.21817
-0.21819
-0.21819
-0.21817
-0.21816
-0.21815
-0.21814
-0.21813
-0.21815
-0.21814
-0.21816
-0.21819
-0.2182
-0.21816
-0.21817
-0.21818
-0.21816
-0.21816
-0.21815
-0.21814
-0.21815
-0.21814
-0.21816
-0.21817
-0.21816
-0.21815
-0.21817
-0.21816
-0.21816
-0.21817
-0.21815
-0.21814
-0.21815
-0.21816
-0.21816
-0.21816
-0.21817
-0.21816
-0.21818
-0.21816
-0.21818
-0.21813
-0.21814
-0.21812
-0.21812
-0.21813
-0.21817
-0.21815
-0.21817
-0.21819
-0.21818
-0.21817
-0.21819
-0.21814
-0.21813
-0.21815
-0.21815
-0.21815
-0.21814
-0.21815
-0.21817
-0.21817
-0.21816
-0.21817
-0.21817
-0.21815
-0.21816
-0.21815
-0.21814
-0.21816
-0.21817
-0.21818
-0.21816
-0.21818
-0.21817
-0.21819
-0.21819
-0.21818
-0.21817
-0.21817
-0.21815
-0.21816
-0.21815
-0.21815
-0.21816
-0.21821
-0.21818
-0.2182
-0.2182
-0.21818
-0.21818
-0.21818
-0.21816
-0.21816
-0.21817
-0.21816
-0.21815
-0.2182
-0.21819
-0.21818
-0.21821
-0.21819
-0.21818
-0.21815
-0.21817
-0.21815
-0.21815
-0.21815
-0.21816
-0.21819
-0.21822
-0.21819
-0.21819
-0.21817
-0.21816
-0.21813
-0.21812
-0.21814
-0.21815
-0.21815
-0.21817
-0.21817
-0.21819
-0.21818
-0.21821
-0.21817
-0.21816
-0.21816
-0.21814
-0.21813
-0.21814
-0.21815
-0.21815
-0.21817
-0.21819
-0.21818
-0.21817
-0.21817
-0.21816
-0.21815
-0.21812
-0.21812
-0.21813
-0.21813
-0.21813
-0.21819
-0.2182
-0.21818
-0.21817
-0.21817
-0.21815
-0.21816
-0.21812
-0.21808
-0.21811
-0.2181
-0.21816
-0.21815
-0.21814
-0.21818
-0.21818
-0.21814
-0.21815
-0.21813
-0.21812
-0.21814
-0.2181
-0.21813
-0.21813
-0.21812
-0.21813
-0.21816
-0.21813
-0.21812
-0.21813
-0.21806
-0.21797
-0.21804
-0.21796
-0.21806
-0.218
-0.21801
-0.21805
-0.21805
-0.218
-0.21796
-0.21802
-0.21804
-0.21792
-0.21785
-0.21792
-0.21783
-0.21796
-0.21801
-0.21803
-0.21802
-0.21805
-0.21804
-0.21798
-0.21793
-0.21799
-0.21793
-0.21789
-0.21783
-0.21793
-0.21779
-0.21776
-0.21771
-0.2176
-0.21722
-0.21706
-0.21699
-0.21701
-0.21694
-0.21688
-0.2169
-0.21683
-0.21671
-0.21663
-0.21626
-0.21601
-0.21593
-0.21582
-0.21568
-0.21566
-0.21556
-0.21525
-0.21501
-0.21481
-0.2145
-0.21451
-0.21427
-0.21381
-0.2136
-0.21313
-0.21281
-0.21268
-0.21257
-0.21225
-0.2118
-0.21161
-0.21118
-0.2111
-0.21061
-0.2103
-0.21003
-0.20951
-0.20927
-0.20896
-0.20854
-0.20827
-0.20798
-0.20773
-0.20738
-0.20732
-0.20669
-0.20622
-0.20559
-0.20525
-0.20496
-0.20457
-0.20411
-0.20388
-0.20334
-0.20307
-0.20274
-0.20223
-0.20198
-0.20169
-0.20113
-0.20087
-0.20048
-0.20014
-0.19984
-0.19954
-0.19906
-0.19877
-0.19857
-0.19801
-0.19761
-0.19698
-0.19663
-0.19614
-0.19567
-0.19546
-0.19498
-0.19448
-0.19396
-0.1936
-0.19328
-0.19275
-0.19228
-0.19173
-0.19125
-0.19074
-0.19031
-0.18998
-0.18931
-0.18892
-0.18841
-0.18792
-0.18722
-0.18684
-0.18614
-0.18578
-0.18492
-0.18457
-0.1839
-0.18355
-0.18284
-0.18258
-0.18194
-0.18153
-0.18088
-0.18042
-0.17983
-0.17926
-0.17852
-0.17822
-0.17738
-0.17701
-0.1763
-0.17583
-0.17524
-0.17497
-0.17428
-0.1738
-0.1732
-0.17285
-0.17206
-0.17175
-0.17122
-0.17075
-0.17017
-0.16963
-0.16894
-0.16846
-0.16775
-0.16734
-0.16663
-0.16606
-0.16545
-0.16478
-0.16414
-0.16351
-0.16298
-0.16227
-0.16186
-0.16123
-0.16075
-0.16012
-0.15939
-0.15876
-0.158
-0.15718
-0.15657
-0.15586
-0.15499
-0.15452
-0.15372
-0.15307
-0.15256
-0.15192
-0.15131
-0.15052
-0.15003
-0.14934
-0.14874
-0.14803
-0.14729
-0.14679
-0.14618
-0.14558
-0.14505
-0.14423
-0.14382
-0.14303
-0.14239
-0.14179
-0.14128
-0.14062
-0.1399
-0.13951
-0.13863
-0.13823
-0.13755
-0.13678
-0.13628
-0.13542
-0.13473
-0.13405
-0.1332
-0.13246
-0.13189
-0.1311
-0.13033
-0.12979
-0.12889
-0.12806
-0.12748
-0.12672
-0.1259
-0.12539
-0.12461
-0.12377
-0.12327
-0.12246
-0.12155
