-0.25358
-0.25355
-0.25356
-0.25357
-0.25358
-0.25357
-0.25355
-0.25356
-0.25355
-0.25357
-0.25358
-0.25358
-0.25359
-0.25359
-0.25359
-0.25359
-0.25355
-0.25355
-0.25353
-0.25356
-0.25354
-0.25355
-0.25357
-0.25357
-0.25358
-0.25358
-0.25357
-0.25358
-0.25356
-0.25356
-0.25356
-0.25355
-0.25355
-0.25357
-0.25357
-0.25356
-0.25358
-0.25358
-0.2536
-0.25358
-0.25358
-0.25358
-0.25354
-0.25357
-0.25355
-0.25356
-0.25355
-0.25356
-0.25359
-0.25359
-0.25363
-0.2536
-0.25357
-0.25357
-0.25355
-0.25353
-0.25356
-0.25358
-0.25358
-0.25355
-0.25357
-0.25359
-0.25358
-0.25359
-0.25359
-0.2536
-0.25356
-0.25354
-0.25355
-0.25357
-0.25356
-0.25357
-0.25356
-0.25358
-0.25355
-0.2536
-0.25357
-0.25357
-0.25357
-0.25356
-0.25357
-0.25356
-0.25356
-0.25356
-0.25358
-0.25357
-0.25358
-0.25358
-0.25357
-0.25357
-0.25356
-0.25356
-0.25355
-0.25355
-0.25357
-0.25355
-0.25358
-0.25358
-0.25359
-0.25359
-0.25356
-0.25358
-0.25355
-0.25359
-0.25359
-0.25357
-0.25355
-0.25358
-0.25358
-0.25361
-0.25361
-0.25359
-0.25361
-0.25358
-0.25358
-0.25357
-0.25356
-0.25358
-0.25357
-0.25358
-0.25357
-0.25358
-0.25359
-0.25359
-0.25358
-0.25357
-0.25357
-0.25357
-0.25359
-0.25357
-0.25356
-0.25359
-0.25356
-0.2536
-0.2536
-0.25364
-0.25359
-0.25359
-0.2536
-0.25356
-0.25356
-0.25357
-0.25356
-0.25358
-0.25357
-0.2536
-0.25357
-0.25359
-0.25361
-0.25358
-0.25359
-0.25358
-0.25356
-0.25357
-0.25356
-0.25356
-0.25355
-0.25359
-0.25358
-0.25358
-0.25359
-0.25358
-0.25359
-0.25358
-0.25358
-0.25355
-0.25352
-0.25357
-0.25356
-0.25359
-0.25358
-0.2536
-0.25359
-0.25358
-0.25358
-0.25356
-0.25359
-0.25359
-0.25358
-0.25358
-0.25356
-0.25357
-0.25358
-0.25358
-0.25359
-0.2536
-0.25359
-0.25358
-0.25359
-0.25361
-0.25357
-0.25358
-0.25358
-0.25358
-0.25357
-0.2536
-0.2536
-0.25358
-0.25359
-0.25358
-0.25359
-0.25357
-0.25357
-0.25357
-0.25355
-0.25358
-0.2536
-0.25361
-0.25362
-0.2536
-0.25357
-0.25357
-0.25357
-0.25356
-0.25357
-0.25355
-0.25356
-0.25356
-0.25358
-0.25359
-0.25358
-0.25361
-0.2536
-0.2536
-0.2536
-0.25358
-0.25356
-0.25356
-0.25357
-0.25358
-0.25356
-0.25359
-0.25361
-0.25363
-0.2536
-0.2536
-0.25359
-0.25358
-0.25357
-0.25358
-0.25356
-0.2536
-0.2536
-0.2536
-0.25362
-0.25361
-0.2536
-0.25359
-0.25359
-0.25359
-0.25358
-0.25359
-0.25358
-0.25359
-0.25357
-0.2536
-0.25362
-0.25361
-0.25361
-0.25361
-0.2536
-0.25359
-0.25358
-0.25356
-0.25355
-0.25357
-0.25357
-0.25358
-0.25358
-0.25357
-0.25359
-0.25359
-0.2536
-0.25355
-0.25357
-0.25358
-0.25358
-0.25359
-0.25358
-0.2536
-0.2536
-0.25361
-0.2536
-0.25358
-0.25359
-0.25356
-0.25358
-0.25357
-0.25359
-0.25358
-0.25358
-0.25361
-0.2536
-0.2536
-0.25359
-0.25359
-0.2536
-0.25356
-0.25358
-0.25357
-0.25356
-0.25357
-0.25357
-0.25359
-0.25357
-0.2536
-0.2536
-0.2536
-0.25359
-0.25359
-0.25358
-0.25359
-0.25359
-0.25356
-0.25359
-0.25358
-0.25358
-0.25361
-0.25358
-0.2536
-0.25357
-0.25356
-0.25358
-0.25357
-0.25357
-0.25355
-0.25356
-0.2536
-0.25359
-0.25362
-0.25358
-0.25357
-0.25357
-0.25358
-0.25358
-0.25359
-0.25358
-0.25357
-0.25357
-0.25358
-0.25359
-0.2536
-0.25359
-0.25361
-0.25359
-0.25357
-0.25355
-0.25356
-0.25355
-0.25356
-0.25354
-0.25357
-0.25357
-0.25359
-0.25359
-0.2536
-0.25359
-0.25357
-0.25359
-0.25359
-0.25356
-0.25355
-0.25357
-0.25357
-0.25358
-0.25359
-0.25358
-0.25358
-0.25357
-0.2536
-0.25358
-0.25357
-0.25355
-0.25354
-0.25354
-0.25361
-0.25357
-0.25358
-0.25359
-0.2536
-0.25359
-0.25358
-0.25358
-0.25358
-0.25357
-0.25355
-0.25356
-0.25359
-0.25357
-0.25357
-0.2536
-0.2536
-0.25359
-0.25358
-0.25357
-0.25356
-0.25358
-0.25356
-0.25356
-0.25356
-0.25356
-0.25358
-0.25357
-0.25358
-0.25357
-0.2536
-0.25356
-0.25355
-0.25355
-0.25356
-0.25354
-0.25353
-0.25356
-0.25357
-0.25358
-0.25357
-0.25356
-0.25356
-0.25357
-0.25358
-0.25359
-0.25355
-0.25354
-0.25355
-0.25356
-0.25356
-0.25358
-0.25358
-0.25359
-0.2536
-0.25359
-0.25358
-0.25356
-0.25358
-0.25359
-0.25357
-0.25359
-0.25358
-0.25358
-0.25357
-0.25357
-0.25358
-0.25357
-0.25357
-0.25359
-0.25355
-0.25356
-0.25356
-0.25356
-0.25355
-0.25357
-0.25357
-0.25357
-0.25358
-0.25357
-0.25358
-0.25357
-0.25356
-0.25356
-0.25358
-0.25356
-0.25357
-0.25358
-0.25357
-0.25359
-0.25358
-0.25357
-0.25357
-0.25357
-0.25356
-0.25357
-0.25354
-0.25357
-0.25356
-0.25357
-0.25358
-0.25356
-0.25357
-0.25357
-0.25358
-0.25355
-0.25354
-0.25352
-0.25355
-0.25356
-0.25356
-0.25355
-0.25356
-0.25355
-0.25356
-0.25356
-0.25355
-0.25354
-0.25354
-0.25355
-0.25354
-0.25355
-0.25356
-0.25355
-0.25354
-0.25354
-0.25356
-0.25356
-0.25357
-0.25353
-0.25356
-0.25355
-0.25354
-0.25354
-0.25355
-0.25353
-0.25359
-0.25357
-0.25355
-0.25356
-0.25357
-0.25355
-0.25354
-0.25353
-0.25351
-0.25352
-0.25352
-0.25351
-0.25352
-0.25353
-0.25352
-0.25352
-0.25352
-0.25352
-0.25348
-0.25351
-0.25349
-0.25348
-0.25348
-0.25351
-0.25349
-0.25352
-0.2535
-0.25352
-0.25349
-0.25347
-0.25344
-0.25341
-0.2534
-0.25341
-0.25342
-0.25343
-0.25343
-0.25345
-0.25345
-0.25345
-0.25346
-0.25345
-0.2534
-0.25331
-0.25334
-0.25334
-0.2533
-0.25331
-0.25332
-0.25334
-0.25336
-0.25335
-0.25337
-0.25337
-0.25329
-0.2533
-0.25321
-0.25315
-0.25313
-0.2531
-0.2532
-0.25319
-0.25321
-0.25321
-0.25321
-0.25328
-0.25308
-0.25298
-0.25285
-0.25273
-0.25283
-0.25279
-0.25281
-0.25274
-0.25267
-0.25264
-0.25263
-0.25257
-0.25255
-0.25251
-0.25249
-0.25244
-0.25243
-0.25241
-0.25242
-0.25238
-0.25234
-0.25234
-0.25234
-0.25219
-0.25223
-0.25218
-0.25206
-0.25184
-0.25181
-0.25172
-0.25165
-0.25156
-0.25155
-0.25148
-0.25142
-0.25134
-0.25129
-0.25121
-0.25111
-0.25088
-0.25083
-0.25049
-0.25052
-0.25029
-0.25013
-0.25007
-0.24995
-0.24992
-0.24951
-0.2494
-0.24911
-0.24904
-0.24889
-0.24852
-0.24829
-0.24804
-0.24789
-0.24785
-0.24771
-0.24741
-0.24717
-0.24671
-0.24621
-0.24592
-0.24569
-0.24551
-0.24542
-0.24507
-0.24461
-0.24434
-0.24404
-0.24371
-0.24348
-0.24325
-0.2426
-0.2422
-0.24189
-0.24138
-0.2412
-0.24077
-0.24023
-0.23992
-0.23968
-0.23924
-0.23885
-0.2383
-0.23788
-0.23765
-0.23701
-0.23657
-0.23626
-0.23572
-0.23548
-0.23486
-0.23432
-0.2338
-0.2333
-0.23254
-0.23198
-0.2312
-0.23071
-0.23002
-0.22969
-0.22896
-0.22845
-0.22776
-0.22724
-0.22646
-0.2259
-0.22532
-0.22441
-0.22391
-0.22318
-0.22246
-0.22188
-0.22102
-0.22057
-0.21991
-0.21923
-0.2186
-0.21812
-0.21739
-0.21675
-0.21618
-0.21531
-0.21465
-0.21399
-0.21313
-0.21272
-0.21184
-0.21103
-0.21052
-0.20966
-0.20892
-0.20832
-0.20734
-0.20659
-0.20583
-0.20489
-0.20398
-0.20306
-0.20242
-0.20156
-0.20067
-0.19995
-0.19911
-0.19826
-0.19717
-0.19631
-0.1956
-0.19469
-0.19365
-0.19269
-0.19178
-0.19113
-0.19023
-0.18927
-0.18867
-0.18778
-0.18679
-0.18572
-0.18471
-0.18362
-0.18255
-0.18146
-0.18073
-0.17978
-0.17886
-0.17773
-0.17677
-0.17561
-0.1746
-0.17348
-0.17245
-0.17131
-0.17018
-0.16927
-0.16824
-0.16738
-0.16624
-0.16528
-0.16415
-0.16303
-0.16193
-0.16081
-0.15975
-0.15859
-0.15755
-0.15633
-0.15521
-0.15409
-0.15284
-0.15169
-0.15055
-0.14931
-0.14804
-0.14657
-0.14541
-0.14421
-0.14289
-0.14172
-0.14049
-0.13931
-0.13817
-0.13682
-0.13564
-0.13425
-0.13288
-0.13157
-0.13031
-0.12912
-0.12792
-0.12675
-0.12554
-0.12434
-0.12309
-0.12162
-0.12032
-0.11901
-0.11774
-0.11658
-0.11522
-0.11379
-0.11243
-0.11103
-0.10987
-0.1086
-0.10699
-0.10551
-0.10415
-0.10264
-0.10109
-0.099698
-0.098314
-0.096768
-0.095391
-0.09382
-0.092174
-0.090645
-0.089182
-0.087534
-0.085897
-0.084205
